0000000: 01010011 01010000 01001100 01001001 01000011 01000101  SPLICE
0000006: 00000000 00000000 00000000 00000000 00000000 00000000  ......
000000c: 00000000 01010111 00110000 00101110 00110111 00110000  .W0.70
0000012: 00111000 00101101 01100001 01101100 01110000 01101000  8-alph
0000018: 01100001 00000000 00000000 00000000 00000000 00000000  a.....
000001e: 00000000 00000000 00000000 00000000 00000000 00000000  ......
0000024: 00000000 00000000 00000000 00000000 00000000 00000000  ......
000002a: 00000000 00000000 00000000 00000000 00000000 11000000  ......
0000030: 01111001 01000100 00000001 00000000 00000000 00000000  yD....
0000036: 00000100 01001011 01101001 01100011 01101011 00000001  .Kick.
000003c: 00000000 00000000 00000000 00000000 00000000 00000000  ......
0000042: 00000000 00000001 00000000 00000000 00000000 00000000  ......
0000048: 00000000 00000000 00000000 00000010 00000000 00000000  ......
000004e: 00000000 00000101 01001000 01101001 01001000 01100001  ..HiHa
0000054: 01110100 00000001 00000000 00000001 00000000 00000001  t.....
000005a: 00000000 00000001 00000000 00000001 00000000 00000001  ......
0000060: 00000000 00000001 00000000 00000001 00000000 01010011  .....S
0000066: 01010000 01001100 01001001 01000011 01000101 00000000  PLICE.
000006c: 00000000 00000000 00000101 01001000 01101001 01001000  ...HiH
0000072: 01100001 01110100 00000001 00000000 00000001 00000000  at....
0000078: 00000001 00000000 00000001 00000000 00000001 00000000  ......
000007e: 00000001 00000000 00000001 00000000 00000001 00000000  ......
